2 0.2828125 0.2640625 0.17656250000000004 0.2640625 0.17656250000000007 0.5625 0.2828125000000001 0.5625
2 0.4171875 0.27187500000000003 0.2734375 0.271875 0.27343750000000006 0.615625 0.4171875 0.615625
2 0.828125 0.1984375000000001 0.684375 0.1984375000000001 0.684375 0.4859375000000001 0.828125 0.4859375000000002
2 1 0.1890625000000001 0.8703125 0.18906250000000008 0.8703125 0.8171875 1 0.8171875
1 0.6203125 0.2843750000000001 0.421875 0.2843750000000001 0.421875 0.7015625 0.6203125 0.7015625
1 0.88125 0.3234375000000001 0.5734375 0.3234375000000001 0.5734375 1 0.88125 1
0 0.28750000000000003 0.26875 0.17656250000000004 0.26875 0.17656250000000007 0.571875 0.2875000000000001 0.571875
0 0.409375 0.26093750000000004 0.2796875 0.2609375 0.27968750000000003 0.5984375 0.409375 0.5984375
0 0.6125 0.2812500000000001 0.409375 0.2812500000000001 0.409375 0.7203125 0.6125 0.7203125
0 0.88125 0.3109375000000001 0.58125 0.3109375000000001 0.58125 0.9265625 0.88125 0.9265625
0 0.840625 0.1984375000000001 0.6625 0.1984375000000001 0.6625 0.46562500000000007 0.840625 0.4656250000000002
0 1 0.1812500000000001 0.865625 0.18125000000000008 0.865625 0.7375000000000002 1 0.7375000000000002