0 0.12656250000000008 0.2984375 3.654805291205382e-17 0.2984375 6.410260589286928e-17 0.7484375 0.12656250000000008 0.7484375
0 0.22656250000000006 0.2609375 0.08906250000000002 0.2609375 0.08906250000000006 0.7078125 0.22656250000000008 0.7078125
0 0.43125 0.3281250000000001 0.375 0.3281250000000001 0.37500000000000006 0.61875 0.43125 0.61875
0 0.496875 0.3234375000000001 0.4078125 0.3234375000000001 0.4078125 0.6484375 0.496875 0.6484375
0 0.55625 0.3437500000000001 0.446875 0.3437500000000001 0.446875 0.675 0.55625 0.675
0 0.7671875000000001 0.3906250000000001 0.540625 0.3906250000000001 0.5406250000000001 0.8671875 0.7671875000000001 0.8671875
0 0.94375 0.3343750000000001 0.7921875 0.3343750000000001 0.7921875 0.7203125000000001 0.94375 0.7203125000000001
0 1 0.3140625000000001 0.909375 0.3140625000000001 0.909375 0.8203125 1 0.8203125
1 0.4375 0.32500000000000007 0.365625 0.32500000000000007 0.36562500000000003 0.571875 0.4375 0.571875
1 0.49375 0.3218750000000001 0.3984375 0.3218750000000001 0.39843750000000006 0.5765625 0.49375 0.5765625
1 0.565625 0.3375000000000001 0.440625 0.3375000000000001 0.440625 0.6046875 0.565625 0.6046875
1 0.7468750000000001 0.37968750000000007 0.54375 0.37968750000000007 0.5437500000000001 0.7875000000000001 0.7468750000000002 0.7875000000000002
1 0.11250000000000007 0.29375 0.004687500000000036 0.29375 0.004687500000000065 0.7640625 0.11250000000000009 0.7640625
2 0.23593750000000005 0.2578125 0.09218750000000002 0.2578125 0.09218750000000006 0.690625 0.23593750000000008 0.690625
2 0.9328125 0.3203125000000001 0.790625 0.3203125000000001 0.7906250000000001 0.7609375000000002 0.9328125 0.7609375000000002