0 0.9125 0.3578125000000001 0.6453125 0.3578125000000001 0.6453125000000001 0.8640625 0.9125 0.8640625
0 0.6875 0.3203125000000001 0.5296875 0.3203125000000001 0.5296875 0.671875 0.6875 0.671875
0 0.51875 0.3078125000000001 0.3875 0.3078125000000001 0.38750000000000007 0.6296875 0.51875 0.6296875
0 0.4234375 0.25781250000000006 0.3203125 0.2578125 0.32031250000000006 0.7046875 0.4234375 0.7046875
0 1 0.24218750000000008 0.8953125 0.24218750000000008 0.8953125 0.6218750000000002 1 0.6218750000000002
1 1 0.28593750000000007 0.8765625 0.28593750000000007 0.8765625 0.5437500000000002 1 0.5437500000000002
0 0.11562500000000006 0.3453125 0.003125000000000042 0.3453125 0.003125000000000063 0.696875 0.11562500000000009 0.696875
2 0.409375 0.25468750000000007 0.3046875 0.2546875 0.30468750000000006 0.675 0.409375 0.675
2 0.509375 0.3031250000000001 0.3765625 0.3031250000000001 0.3765625 0.603125 0.509375 0.603125
2 0.7015625 0.3031250000000001 0.5265625 0.3031250000000001 0.5265625 0.634375 0.7015625 0.634375
2 0.89375 0.3468750000000001 0.6328125 0.3468750000000001 0.6328125000000001 0.7812500000000001 0.89375 0.7812500000000002