0 0.275 0.19843750000000002 0.10000000000000005 0.1984375 0.10000000000000006 0.63125 0.2750000000000001 0.63125
0 0.3921875 0.18906250000000005 0.225 0.18906250000000005 0.22500000000000003 0.6578125 0.3921875000000001 0.6578125
0 0.6062500000000001 0.23593750000000008 0.378125 0.23593750000000008 0.37812500000000004 0.78125 0.6062500000000002 0.78125
0 0.7968750000000001 0.2671875000000001 0.55625 0.2671875000000001 0.5562500000000001 1 0.7968750000000002 1
0 0.8109375 0.1687500000000001 0.6671875 0.1687500000000001 0.6671875 0.4953125000000001 0.8109375 0.49531250000000016
0 1 0.19218750000000012 0.85 0.1921875000000001 0.85 0.6687500000000002 1 0.6687500000000002
1 0.27343750000000006 0.18906250000000002 0.09687500000000002 0.1890625 0.09687500000000004 0.625 0.2734375000000001 0.625
1 0.4 0.19218750000000004 0.2359375 0.19218750000000004 0.23593750000000005 0.6078125 0.4 0.6078125
1 0.590625 0.23437500000000008 0.375 0.23437500000000008 0.37500000000000006 0.7015625 0.590625 0.7015625
1 0.834375 0.2609375000000001 0.5515625 0.2609375000000001 0.5515625000000001 0.95625 0.834375 0.95625
1 0.8203125 0.1750000000000001 0.6671875 0.1750000000000001 0.6671875 0.4437500000000001 0.8203125 0.4437500000000002
2 1 0.18593750000000012 0.8453125 0.1859375000000001 0.8453125 0.5562500000000001 1 0.5562500000000001
2 0.8453125 0.1687500000000001 0.6671875 0.1687500000000001 0.6671875 0.4359375000000001 0.8453125 0.4359375000000002