1 0.11406250000000007 0.3046875 0.004687500000000037 0.3046875 0.004687500000000064 0.73125 0.1140625000000001 0.73125
1 0.4328125 0.2640625000000001 0.365625 0.2640625000000001 0.36562500000000003 0.6453125 0.4328125 0.6453125
1 0.4859375 0.3343750000000001 0.4125 0.3343750000000001 0.4125 0.61875 0.4859375 0.61875
1 0.5671875 0.3312500000000001 0.48125 0.3312500000000001 0.48125 0.690625 0.5671875 0.690625
1 0.7500000000000001 0.3703125000000001 0.5265625 0.3703125000000001 0.5265625 0.859375 0.7500000000000002 0.859375
0 0.10937500000000007 0.2984375 0.0015625000000000367 0.2984375 0.001562500000000062 0.7140625 0.10937500000000008 0.7140625
0 0.22343750000000004 0.2625 0.06875000000000002 0.2625 0.06875000000000006 0.665625 0.2234375000000001 0.665625
0 0.44375 0.2578125000000001 0.375 0.2578125000000001 0.37500000000000006 0.675 0.44375 0.675
0 0.4984375 0.3343750000000001 0.4046875 0.3343750000000001 0.4046875 0.634375 0.4984375 0.634375
0 0.55625 0.3281250000000001 0.4765625 0.3281250000000001 0.4765625 0.665625 0.55625 0.665625
0 0.7421875000000001 0.36406250000000007 0.5203125 0.36406250000000007 0.5203125000000001 0.9 0.7421875000000002 0.9
2 0.9578125 0.3375000000000001 0.79375 0.3375000000000001 0.7937500000000001 0.7968750000000002 0.9578125 0.7968750000000002
2 0.21562500000000004 0.28125 0.10000000000000005 0.28125 0.10000000000000006 0.6484375 0.2156250000000001 0.6484375