1 0.90625 0.4218750000000001 0.571875 0.421875 0.5718750000000001 0.8625 0.90625 0.8625
1 0.6359375 0.39531250000000007 0.4671875 0.39531250000000007 0.4671875 0.7078125 0.6359375 0.7078125
1 0.5453125 0.3578125000000001 0.3875 0.3578125000000001 0.38750000000000007 0.6421875 0.5453125 0.6421875
1 0.4234375 0.33281250000000007 0.33125 0.3328125 0.33125000000000004 0.5734375 0.4234375 0.5734375
0 0.11562500000000006 0.334375 4.0949127346489623e-17 0.334375 5.769234530358234e-17 0.6078125 0.11562500000000009 0.6078125
0 1 0.3343750000000001 0.8890625 0.3343750000000001 0.8890625 0.6421875000000001 1 0.6421875000000001
0 0.403125 0.32812500000000006 0.3203125 0.328125 0.32031250000000006 0.5578125 0.403125 0.5578125
0 0.50625 0.3593750000000001 0.3796875 0.3593750000000001 0.37968750000000007 0.56875 0.50625 0.56875
0 0.6546875 0.3921875000000001 0.459375 0.3921875000000001 0.459375 0.69375 0.6546875 0.69375
0 0.903125 0.4140625000000001 0.559375 0.4140625 0.5593750000000001 0.8625 0.903125 0.8625
2 0.19531250000000006 0.2984375 3.654805291205382e-17 0.2984375 5.86491006154162e-17 0.659375 0.19531250000000008 0.659375
2 1 0.3000000000000001 0.8796875 0.3000000000000001 0.8796875 0.6328125000000002 1 0.6328125000000002